5139 4202 0183 8020
7386 2962 0121 0257
2875 5136 6751 4191
6320139901995838
6814277620536931
5733993885938089
1118775371937502
8715577613255991
0701866794599784
9137958320676202
8879966694555310
8189239860511667
9001369280551725
7359826295589675
1607552523812103
4810714206262080
4976314322830600
5398238159670681
3237634459210423
5056574325972222
9049848613071200
8030530233590009
1889443767906554
7395677045320094
9331802469576335
0396978284968083
4143815480878290
7643377203985410
4973669107811170
8655044629041377
9295234854279697
9654369291833023
4801648549788363
9518526381522151
6094500199318612
3266798355632618
0918358735172270
5396301386531140
5186057293910352
9417070927987102
5921671976405420
5744951958066037
6533147748490856
1276441756478013
8599031361803231
1828147686867503
1477786682101669
7495278822806753
2913218625255112
4054188665104063
8043614548024199
6563230631737195
4853456769846772
1688754305055260
0229161346187327
3752651010114864
8650284799644322
1097839308146580
4831613482976286
6833172470961991
9785463136302735
1288059059105440
9536160876735275
1006753675267431
3356017163949560
8882355163621942
2231690216419545
0439566705912475
2219637610321414
3961178346330694
5644404663735922
0511757962124072
9693942686910294
7469641169275333
5667417835335100
1896753197060979
9209528927637878
1408940968160118
9606069172864249
6966846937526768
1671822038433890
6696149313531095
0617739022950639
3321566636121469
4319832592407173
1543644254919418
3446732274524748
3425429397044130
2827744427668457
1997755823702345
2867318367126268
3735731328508975
9027978657178444
0030293083930829
9565704339714076
4348238274233660
7642569279334363
7951031318516288
6391976255764510
6852095753695955
2653021679510085
8053830272445623
3944262402537420
9748683344973032
4771715887220733
9079664738380381
8684803139565754
9279401946807405
1728815345741173
9602513452196559
0118237521090941
1258916150098162
3140217392876202
3125224633672806
6841716603718558
9540853856908438
8497215621753035
4137247002122482
3571793705050935
3583851143650333
9354060322548091
4210581965293058
9905109108887431
4660461201226920
8760438924355163
5765366061056208
7959931963429009
2765830598113271
6796791609726198
6115044181376691
2734048354355988
2472664399142313
8798623448003607
5662435303504459
8782118725315122
7153995093276037
3990884037535373
4602250457017445
7359077201776752
1307324869020660
6516437272746532
9591607529043856
9727930340114993
6803295828525080
3280640394598246
2531896628624900
1807895894478223
1850684091316531
6872172904149892
8574500920557485
6147267092499753
5588619222790589
0769526555938880
6909712044495590
9316903270079879
9998287108542722
1046624323378029
1400765023652335
1675004643437542
4365878756193759
8207841005684515
2227981641417984
3057310527045666
8226673413220785
7287845950792602
7633965839965361
1326835118762610
9535359829337818
5493486493965655
9692707609854263
1536312683061054
3754844006936772
4076609842875996
0024513511480836
8868967802985486
1524312800373652
1336087656611729
8829027103939695
2672898207909943
7738323024904188
1484828861749453
6726350182136083
7239748410246339
1388327564625586
0658123101334812
9931297915098983
2562070694461997
4722988634367030
7353287720349989
7389395501766530
3645251268484356
6761482010752568
5806717735044215
5746546666013908
4512698868023775
8184686863962725
7795210012475973
4106616074012932
0427958627700924
9047309839018048